#  py3DXRDProc - Python 3DXRD Processing Toolkit - Diamond Light Source and
#  University of Birmingham.
#
#  Copyright (C) 2019-2024  James Ball unless otherwise stated
#
#  This file is part of py3DXRDProc.
#
#  py3DXRDProc is free software: you can redistribute it and/or modify it
#  under the terms of the GNU General Public License as published by the
#  Free Software Foundation, either version 3 of the License, or (at your
#  option) any later version.
#
#  py3DXRDProc is distributed in the hope that it will be useful, but
#  WITHOUT ANY WARRANTY; without even the implied warranty of
#  MERCHANTABILITY or FITNESS FOR A PARTICULAR PURPOSE. See the GNU General
#  Public License for more details.
#
#  You should have received a copy of the GNU General Public License along
#  with py3DXRDProc. If not, see <https://www.gnu.org/licenses/>.
from itertools import product

#  This file incorporates work covered by the following copyright and
#  permission notice:

# Copyright(c) 2013 - 2019 Henry Proudhon.
#
# Permission is hereby granted, free of charge, to any person obtaining
# a copy of this software and associated documentation files (the
# "Software"), to deal in the Software without restriction, including
# without limitation the rights to use, copy, modify, merge, publish,
# distribute, sublicense, and/or sell copies of the Software, and to
# permit persons to whom the Software is furnished to do so, subject to
# the following conditions:
#
# The above copyright notice and this permission notice shall be
# included in all copies or substantial portions of the Software.
#
# THE SOFTWARE IS PROVIDED "AS IS", WITHOUT WARRANTY OF ANY KIND,
# EXPRESS OR IMPLIED, INCLUDING BUT NOT LIMITED TO THE WARRANTIES OF
# MERCHANTABILITY, FITNESS FOR A PARTICULAR PURPOSE AND
# NONINFRINGEMENT. IN NO EVENT SHALL THE AUTHORS OR COPYRIGHT HOLDERS BE
# LIABLE FOR ANY CLAIM, DAMAGES OR OTHER LIABILITY, WHETHER IN AN ACTION
# OF CONTRACT, TORT OR OTHERWISE, ARISING FROM, OUT OF OR IN CONNECTION
# WITH THE SOFTWARE OR THE USE OR OTHER DEALINGS IN THE SOFTWARE.

import numpy as np
import numpy.typing as npt
from scipy import spatial
from numba import prange, njit, jit
from typing import Tuple

import logging

from pymicro.crystal.lattice import Symmetry

log = logging.getLogger(__name__)

# SN = orientation.ShojiNishiyama(cs_cubic, cs_hex)
# variant_order = variants(SN)
# SN mtex order is:
# parent  || daughter  parent || daughter
# (111)   || (0001)   [10-1] || [2-1-10]
# (1-11)  || (0001)   [10-1] || [-2110]
# (1-1-1) || (000-1)  [01-1] || [2-1-10]
# (11-1)  || (0001)   [1-10] || [2-1-10]

# matrices are inverted:
S_N_variant_matrices = np.array(
    [[[0.4082, -0.7071, 0.5774],
      [0.4082, 0.7071, 0.5774],
      [-0.8165, 0.0000, 0.5774]]
        ,
     [[-0.8165, 0.0000, 0.5774],
      [-0.4082, -0.7071, -0.5774],
      [0.4082, -0.7071, 0.5774]]
        ,
     [[-0.4082, -0.7071, -0.5774],
      [0.4082, -0.7071, 0.5774],
      [-0.8165, 0.0000, 0.5774]]
        ,
     [[0.4082, -0.7071, 0.5774],
      [-0.8165, 0.0000, 0.5774],
      [-0.4082, -0.7071, -0.5774]]]
)

# KS = orientation.KurdjumovSachs(cs_gamma, cs_aprime)
# variant_order = variants(KS)
# KS mtex order is:
# parent  || daughter  parent || daughter
# (111) || (011)   [10-1] || [11-1]
# (111) || (0-1-1)   [10-1] || [11-1]
# (111) || (011)   [01-1] || [-1-11]
# (111) || (0-1-1)   [01-1] || [-1-11]
# (111) || (011)   [1-10] || [-1-11]
# (111) || (0-1-1)   [1-10] || [-1-11]
# (1-11) || (011)   [10-1] || [-1-11]
# (1-11) || (0-1-1)   [10-1] || [-1-11]
# (1-11) || (011)   [110] || [11-1]
# (1-11) || (0-1-1)   [110] || [11-1]
# (1-11) || (011)   [011] || [-1-11]
# (1-11) || (0-1-1)   [011] || [-1-11]
# (1-1-1) || (0-1-1)   [01-1] || [11-1]
# (1-1-1) || (011)   [01-1] || [11-1]
# (1-1-1) || (0-1-1)   [101] || [11-1]
# (1-1-1) || (011)   [101] || [11-1]
# (1-1-1) || (0-1-1)   [110] || [-1-11]
# (1-1-1) || (011)   [110] || [-1-11]
# (11-1) || (011)   [1-10] || [11-1]
# (11-1) || (0-1-1)   [1-10] || [11-1]
# (11-1) || (011)   [011] || [11-1]
# (11-1) || (0-1-1)   [011] || [11-1]
# (11-1) || (011)   [101] || [-1-11]
# (11-1) || (0-1-1)   [101] || [-1-11]

# matrices are inverted:

K_S_variant_matrices = np.array([
    [[0.7416, 0.6498, 0.1667],
     [-0.6667, 0.7416, 0.0749],
     [-0.0749, -0.1667, 0.9832]]
    ,
    [[0.0749, 0.1667, -0.9832],
     [0.6667, -0.7416, -0.0749],
     [-0.7416, -0.6498, -0.1667]]
    ,
    [[-0.6667, 0.7416, 0.0749],
     [-0.0749, -0.1667, 0.9832],
     [0.7416, 0.6498, 0.1667]]
    ,
    [[0.6667, -0.7416, -0.0749],
     [-0.7416, -0.6498, -0.1667],
     [0.0749, 0.1667, -0.9832]]
    ,
    [[-0.0749, -0.1667, 0.9832],
     [0.7416, 0.6498, 0.1667],
     [-0.6667, 0.7416, 0.0749]]
    ,
    [[-0.7416, -0.6498, -0.1667],
     [0.0749, 0.1667, -0.9832],
     [0.6667, -0.7416, -0.0749]]
    ,
    [[-0.0749, -0.1667, 0.9832],
     [0.6667, -0.7416, -0.0749],
     [0.7416, 0.6498, 0.1667]]
    ,
    [[-0.7416, -0.6498, -0.1667],
     [-0.6667, 0.7416, 0.0749],
     [0.0749, 0.1667, -0.9832]]
    ,
    [[0.7416, 0.6498, 0.1667],
     [0.0749, 0.1667, -0.9832],
     [-0.6667, 0.7416, 0.0749]]
    ,
    [[0.0749, 0.1667, -0.9832],
     [0.7416, 0.6498, 0.1667],
     [0.6667, -0.7416, -0.0749]]
    ,
    [[-0.6667, 0.7416, 0.0749],
     [-0.7416, -0.6498, -0.1667],
     [-0.0749, -0.1667, 0.9832]]
    ,
    [[0.6667, -0.7416, -0.0749],
     [-0.0749, -0.1667, 0.9832],
     [-0.7416, -0.6498, -0.1667]]
    ,
    [[0.6667, -0.7416, -0.0749],
     [0.7416, 0.6498, 0.1667],
     [-0.0749, -0.1667, 0.9832]]
    ,
    [[-0.6667, 0.7416, 0.0749],
     [0.0749, 0.1667, -0.9832],
     [-0.7416, -0.6498, -0.1667]]
    ,
    [[0.0749, 0.1667, -0.9832],
     [-0.6667, 0.7416, 0.0749],
     [0.7416, 0.6498, 0.1667]]
    ,
    [[0.7416, 0.6498, 0.1667],
     [0.6667, -0.7416, -0.0749],
     [0.0749, 0.1667, -0.9832]]
    ,
    [[-0.7416, -0.6498, -0.1667],
     [-0.0749, -0.1667, 0.9832],
     [-0.6667, 0.7416, 0.0749]]
    ,
    [[-0.0749, -0.1667, 0.9832],
     [-0.7416, -0.6498, -0.1667],
     [0.6667, -0.7416, -0.0749]]
    ,
    [[0.7416, 0.6498, 0.1667],
     [-0.0749, -0.1667, 0.9832],
     [0.6667, -0.7416, -0.0749]]
    ,
    [[0.0749, 0.1667, -0.9832],
     [-0.7416, -0.6498, -0.1667],
     [-0.6667, 0.7416, 0.0749]]
    ,
    [[-0.6667, 0.7416, 0.0749],
     [0.7416, 0.6498, 0.1667],
     [0.0749, 0.1667, -0.9832]]
    ,
    [[0.6667, -0.7416, -0.0749],
     [0.0749, 0.1667, -0.9832],
     [0.7416, 0.6498, 0.1667]]
    ,
    [[-0.0749, -0.1667, 0.9832],
     [-0.6667, 0.7416, 0.0749],
     [-0.7416, -0.6498, -0.1667]]
    ,
    [[-0.7416, -0.6498, -0.1667],
     [0.6667, -0.7416, -0.0749],
     [-0.0749, -0.1667, 0.9832]]
])

# NW = orientation.NishiyamaWassermann(cs_gamma, cs_aprime)
# variant_order = variants(NW)
# NW mtex order is:
# parent  || daughter  parent || daughter
# (111) || (011)   [1-10] || [-100]
# (111) || (0-1-1)   [01-1] || [-100]
# (111) || (011)   [10-1] || [100]
# (1-11) || (011)   [011] || [-100]
# (1-11) || (0-1-1)   [110] || [100]
# (1-11) || (011)   [10-1] || [-100]
# (1-1-1) || (0-1-1)   [110] || [-100]
# (1-1-1) || (011)   [101] || [100]
# (1-1-1) || (0-1-1)   [01-1] || [100]
# (11-1) || (011)   [101] || [-100]
# (11-1) || (0-1-1)   [011] || [100]
# (11-1) || (011)   [1-10] || [100]

# matrices are inverted:

N_W_variant_matrices = np.array([
    [[-0.7071, 0.1196, 0.6969],
     [0.7071, 0.1196, 0.6969],
     [0.0000, 0.9856, -0.1691]]
    ,
    [[-0.0000, -0.9856, 0.1691],
     [-0.7071, -0.1196, -0.6969],
     [0.7071, -0.1196, -0.6969]]
    ,
    [[0.7071, 0.1196, 0.6969],
     [0.0000, 0.9856, -0.1691],
     [-0.7071, 0.1196, 0.6969]]
    ,
    [[0.0000, 0.9856, -0.1691],
     [-0.7071, -0.1196, -0.6969],
     [-0.7071, 0.1196, 0.6969]]
    ,
    [[0.7071, -0.1196, -0.6969],
     [0.7071, 0.1196, 0.6969],
     [-0.0000, -0.9856, 0.1691]]
    ,
    [[-0.7071, 0.1196, 0.6969],
     [-0.0000, -0.9856, 0.1691],
     [0.7071, 0.1196, 0.6969]]
    ,
    [[-0.7071, -0.1196, -0.6969],
     [-0.7071, 0.1196, 0.6969],
     [0.0000, 0.9856, -0.1691]]
    ,
    [[0.7071, 0.1196, 0.6969],
     [-0.0000, -0.9856, 0.1691],
     [0.7071, -0.1196, -0.6969]]
    ,
    [[-0.0000, -0.9856, 0.1691],
     [0.7071, 0.1196, 0.6969],
     [-0.7071, 0.1196, 0.6969]]
    ,
    [[-0.7071, 0.1196, 0.6969],
     [0.0000, 0.9856, -0.1691],
     [-0.7071, -0.1196, -0.6969]]
    ,
    [[-0.0000, -0.9856, 0.1691],
     [0.7071, -0.1196, -0.6969],
     [0.7071, 0.1196, 0.6969]]
    ,
    [[0.7071, 0.1196, 0.6969],
     [-0.7071, 0.1196, 0.6969],
     [-0.0000, -0.9856, 0.1691]]
])

# GT = orientation.GreningerTrojano(cs_gamma, cs_aprime)
# GT is irrationally defined in MTEX (grrr)
# so I got the plane and direction relationships from here: 10.1016/j.matchar.2021.111501
# then I checked each plane and direction relationship against each variant
# that way I could associate the planes and directions to the variant ID in MTEX
# variant_order = variants(GT)
# GT mtex order is:
# parent  || daughter  parent || daughter
# (111)  || (110)    (17 -12 -5) || (-7 -17 17)
# (111)  || (-1-10)  (-5 -12 17) || (-7 17 -17)
# (111)  || (110)    (-12 -5 17) || (-7 -17 17)
# (111)  || (-1-10)  (-12 17 -5) || (-7 17 -17)
# (111)  || (110)    (-5 17 -12) || (-7 -17 17)
# (111)  || (-1-10)  (17 -5 -12) || (-7 17 -17)
# (1-11) || (110)    (5 -12 -17) || (-7 -17 17)
# (1-11) || (-1-10)  (-17 -12 5) || (-7 17 -17)
# (1-11) || (110)    (-17 -5 12) || (-7 -17 17)
# (1-11) || (-1-10)  (5 17 12)   || (-7 17 -17)
# (1-11) || (110)    (12 17 5)   || (-7 -17 17)
# (1-11) || (-1-10)  (12 -5 -17) || (-7 17 -17)
# (-111) || (110)    (-12 -17 5) || (-7 -17 17)
# (-111) || (-1-10)  (-12 5 -17) || (-7 17 -17)
# (-111) || (110)    (-5 12 -17) || (-7 -17 17)
# (-111) || (-1-10)  (17 12 5)   || (-7 17 -17)
# (-111) || (110)    (17 5 12)   || (-7 -17 17)
# (-111) || (-1-10)  (-5 -17 12) || (-7 17 -17)
# (11-1) || (110)    (-17 5 -12) || (-7 -17 17)
# (11-1) || (-1-10)  (5 -17 -12) || (-7 17 -17)
# (11-1) || (110)    (12 -17 -5) || (-7 -17 17)
# (11-1) || (-1-10)  (12 5 17)   || (-7 17 -17)
# (11-1) || (110)    (5 12 17)   || (-7 -17 17)
# (11-1) || (-1-10)  (-17 12 -5) || (-7 17 -17)
G_T_variant_matrices = np.array([
    [
        [0.9861, -0.1625, 0.0342],
        [0.1363, 0.6743, -0.7258],
        [0.0948, 0.7204, 0.6871]
    ],
    [
        [-0.0948, -0.7204, -0.6871],
        [-0.1363, -0.6743, 0.7258],
        [-0.9861, 0.1625, -0.0342]
    ],
    [
        [0.1363, 0.6743, -0.7258],
        [0.0948, 0.7204, 0.6871],
        [0.9861, -0.1625, 0.0342]
    ],
    [
        [-0.1363, -0.6743, 0.7258],
        [-0.9861, 0.1625, -0.0342],
        [-0.0948, -0.7204, -0.6871]
    ],
    [
        [0.0948, 0.7204, 0.6871],
        [0.9861, -0.1625, 0.0342],
        [0.1363, 0.6743, -0.7258]
    ],
    [
        [-0.9861, 0.1625, -0.0342],
        [-0.0948, -0.7204, -0.6871],
        [-0.1363, -0.6743, 0.7258]
    ],
    [
        [0.0948, 0.7204, 0.6871],
        [-0.1363, -0.6743, 0.7258],
        [0.9861, -0.1625, 0.0342]
    ],
    [
        [-0.9861, 0.1625, -0.0342],
        [0.1363, 0.6743, -0.7258],
        [-0.0948, -0.7204, -0.6871]
    ],
    [
        [0.9861, -0.1625, 0.0342],
        [-0.0948, -0.7204, -0.6871],
        [0.1363, 0.6743, -0.7258]
    ],
    [
        [-0.0948, -0.7204, -0.6871],
        [0.9861, -0.1625, 0.0342],
        [-0.1363, -0.6743, 0.7258]
    ],
    [
        [0.1363, 0.6743, -0.7258],
        [-0.9861, 0.1625, -0.0342],
        [0.0948, 0.7204, 0.6871]
    ],
    [
        [-0.1363, -0.6743, 0.7258],
        [0.0948, 0.7204, 0.6871],
        [-0.9861, 0.1625, -0.0342]
    ],
    [
        [-0.1363, -0.6743, 0.7258],
        [0.9861, -0.1625, 0.0342],
        [0.0948, 0.7204, 0.6871]
    ],
    [
        [0.1363, 0.6743, -0.7258],
        [-0.0948, -0.7204, -0.6871],
        [-0.9861, 0.1625, -0.0342]
    ],
    [
        [-0.0948, -0.7204, -0.6871],
        [0.1363, 0.6743, -0.7258],
        [0.9861, -0.1625, 0.0342]
    ],
    [
        [0.9861, -0.1625, 0.0342],
        [-0.1363, -0.6743, 0.7258],
        [-0.0948, -0.7204, -0.6871]
    ],
    [
        [-0.9861, 0.1625, -0.0342],
        [0.0948, 0.7204, 0.6871],
        [0.1363, 0.6743, -0.7258]
    ],
    [
        [0.0948, 0.7204, 0.6871],
        [-0.9861, 0.1625, -0.0342],
        [-0.1363, -0.6743, 0.7258]
    ],
    [
        [0.9861, -0.1625, 0.0342],
        [0.0948, 0.7204, 0.6871],
        [-0.1363, -0.6743, 0.7258]
    ],
    [
        [-0.0948, -0.7204, -0.6871],
        [-0.9861, 0.1625, -0.0342],
        [0.1363, 0.6743, -0.7258]
    ],
    [
        [0.1363, 0.6743, -0.7258],
        [0.9861, -0.1625, 0.0342],
        [-0.0948, -0.7204, -0.6871]
    ],
    [
        [-0.1363, -0.6743, 0.7258],
        [-0.0948, -0.7204, -0.6871],
        [0.9861, -0.1625, 0.0342]
    ],
    [
        [0.0948, 0.7204, 0.6871],
        [0.1363, 0.6743, -0.7258],
        [-0.9861, 0.1625, -0.0342]
    ],
    [
        [-0.9861, 0.1625, -0.0342],
        [-0.1363, -0.6743, 0.7258],
        [0.0948, 0.7204, 0.6871]
    ]
])

# Pitsch = orientation.Pitsch(cs_gamma, cs_aprime)
# variant_order = variants(Pitsch)
# Pitsch mtex order is:
# parent  || daughter  parent || daughter
# (101) || (-111)   [010] || [101]
# (101) || (1-1-1)   [010] || [-10-1]
# (011) || (-111)   [100] || [101]
# (011) || (1-1-1)   [100] || [-10-1]
# (110) || (-111)   [001] || [101]
# (110) || (1-1-1)   [001] || [-10-1]
# (1-10) || (-111)   [001] || [101]
# (1-10) || (1-1-1)   [001] || [-10-1]
# (01-1) || (1-1-1)   [100] || [101]
# (01-1) || (-111)   [100] || [-10-1]
# (10-1) || (1-1-1)   [010] || [101]
# (10-1) || (-111)   [010] || [-10-1]
Pitsch_variant_matrices = np.array([
    [[-0.6969, -0.1691, 0.6969],
     [0.7071, -0.0000, 0.7071],
     [-0.1196, 0.9856, 0.1196]]
    ,
    [[0.1196, -0.9856, -0.1196],
     [-0.7071, -0.0000, -0.7071],
     [0.6969, 0.1691, -0.6969]]
    ,
    [[0.7071, -0.0000, 0.7071],
     [-0.1196, 0.9856, 0.1196],
     [-0.6969, -0.1691, 0.6969]]
    ,
    [[-0.7071, -0.0000, -0.7071],
     [0.6969, 0.1691, -0.6969],
     [0.1196, -0.9856, -0.1196]]
    ,
    [[-0.1196, 0.9856, 0.1196],
     [-0.6969, -0.1691, 0.6969],
     [0.7071, -0.0000, 0.7071]]
    ,
    [[0.6969, 0.1691, -0.6969],
     [0.1196, -0.9856, -0.1196],
     [-0.7071, 0.0000, -0.7071]]
    ,
    [[-0.6969, -0.1691, 0.6969],
     [0.1196, -0.9856, -0.1196],
     [0.7071, -0.0000, 0.7071]]
    ,
    [[0.1196, -0.9856, -0.1196],
     [-0.6969, -0.1691, 0.6969],
     [-0.7071, 0.0000, -0.7071]]
    ,
    [[0.7071, -0.0000, 0.7071],
     [0.6969, 0.1691, -0.6969],
     [-0.1196, 0.9856, 0.1196]]
    ,
    [[-0.7071, -0.0000, -0.7071],
     [-0.1196, 0.9856, 0.1196],
     [0.6969, 0.1691, -0.6969]]
    ,
    [[0.1196, -0.9856, -0.1196],
     [0.7071, -0.0000, 0.7071],
     [-0.6969, -0.1691, 0.6969]]
    ,
    [[-0.6969, -0.1691, 0.6969],
     [-0.7071, -0.0000, -0.7071],
     [0.1196, -0.9856, -0.1196]]
])

cubic_symm_ops = Symmetry.cubic.symmetry_operators()
hex_symm_ops = Symmetry.hexagonal.symmetry_operators()


def upper_triangular_to_symmetric(upper_tri: npt.NDArray[np.float64]) -> npt.NDArray[np.float64]:
    """Converts a 3x3 upper triangular matrix to a symmetric one just with indexing:
    `["eps11", "eps22", "eps33", "eps23", "eps13", "eps12"]`
    to
    [[11 12 13],
    [21 22 23],
    [31 32 33]]

    :param upper_tri: The 1x6 array
    :raises TypeError: If `upper_tri` isn't a Numpy array
    :raises ValueError: If `upper_tri` should be an array of length 6
    :raises TypeError: If `upper_tri` isn't an array of float64 elements

    :return: The 3x3 symmetric matrix
    """
    if not isinstance(upper_tri, np.ndarray):
        raise TypeError("upper_tri should be a numpy array!")
    if not np.shape(upper_tri) == (6,):
        raise ValueError("upper_tri should be an array of length (6,)")
    if not upper_tri.dtype == np.dtype("float64"):
        raise TypeError("upper_tri should be an array of floats!")

    symmetric = np.zeros((3, 3))
    symmetric[0, 0] = upper_tri[0]
    symmetric[1, 1] = upper_tri[1]
    symmetric[2, 2] = upper_tri[2]
    symmetric[0, 1] = upper_tri[5]
    symmetric[1, 0] = upper_tri[5]
    symmetric[0, 2] = upper_tri[4]
    symmetric[2, 0] = upper_tri[4]
    symmetric[1, 2] = upper_tri[3]
    symmetric[2, 1] = upper_tri[3]

    return symmetric


def symmetric_to_upper_triangular(symmetric: npt.NDArray[np.float64]) -> npt.NDArray[np.float64]:
    """Converts a symmetric array to an upper triangular:
    `[[11 12 13], [21 22 23], [31 32 33]]` to `["eps11", "eps22", "eps33", "eps23", "eps13", "eps12"]`

    :param symmetric: The 3x3 symmetric matrix
    :raises TypeError: If `symmetric` isn't a Numpy array
    :raises ValueError: If `symmetric` isn't an array of shape (3,3)
    :raises TypeError: If `symmetric` isn't an array of float64 elements
    :raises ValueError: If `symmetric` isn't symmetric
    :return: The 3x3 array
    """

    if not isinstance(symmetric, np.ndarray):
        raise TypeError("symmetric should be a numpy array!")
    if not np.shape(symmetric) == (3, 3):
        raise ValueError("symmetric should be an array of length (3,3)")
    if not symmetric.dtype == np.dtype("float64"):
        raise TypeError("symmetric should be an array of floats!")
    if not np.allclose(symmetric, symmetric.T):
        raise ValueError("symmetric should be a symmetric matrix!")

    flat = np.zeros(6)
    flat[0] = symmetric[0, 0]
    flat[1] = symmetric[1, 1]
    flat[2] = symmetric[2, 2]
    flat[3] = symmetric[1, 2]
    flat[4] = symmetric[0, 2]
    flat[5] = symmetric[0, 1]

    return flat


def custom_array_to_string(input_array: npt.NDArray[np.float64]) -> str:
    """Convert a flat numpy array to a string. Used for fixed-precision GFF writing

    :param input_array: Input numpy array
    :raises TypeError: If `input_array` is not a numpy array
    :return: The array converted to a flattened string
    """

    if not isinstance(input_array, np.ndarray):
        raise TypeError("Must supply an array")

    return " ".join(
        np.array2string(input_array, precision=8, separator=" ", floatmode="fixed").replace("[", "").replace("]",
                                                                                                             "").replace(
            "\n", "").rstrip().lstrip().split())


def MVCOBMatrix(R: npt.NDArray[np.float64]) -> npt.NDArray[np.float64]:
    # Copyright (C) 2008  Jette Oddershede after Joel Bernier
    # Ported from FitAllB/conversion.py at https://github.com/FABLE-3DXRD/FitAllB/

    """GenerateS array of 6 x 6 basis transformation matrices for the
    Mandel-Voigt tensor representation in 3-D.
    Components of symmetric 4th-rank tensors transform in a
    manner analogous to symmetric 2nd-rank tensors in full
    matrix notation.

    Copyright (C) 2008 Jette Oddershede, September 16 2008 after Joel Bernier

    :param R: (3, 3) ndarray representing a change of basis matrix
    :raises TypeError: If `R` isn't a Numpy array
    :raises ValueError: If `R` isn't an array of shape (3,3)
    :raises TypeError: If `R` isn't an array of float64 elements
    :return: (6, 6) ndarray of transformation matrices
    """

    if not isinstance(R, np.ndarray):
        raise TypeError("R should be a numpy array!")
    if not np.shape(R) == (3, 3):
        raise ValueError("R should be an array of length (3,3)")
    if not R.dtype == np.dtype("float64"):
        raise TypeError("R should be an array of floats!")

    T = np.zeros((6, 6), dtype='float64')

    T[0, 0] = R[0, 0] ** 2
    T[0, 1] = R[0, 1] ** 2
    T[0, 2] = R[0, 2] ** 2
    T[0, 3] = np.sqrt(2.) * R[0, 1] * R[0, 2]
    T[0, 4] = np.sqrt(2.) * R[0, 0] * R[0, 2]
    T[0, 5] = np.sqrt(2.) * R[0, 0] * R[0, 1]
    T[1, 0] = R[1, 0] ** 2
    T[1, 1] = R[1, 1] ** 2
    T[1, 2] = R[1, 2] ** 2
    T[1, 3] = np.sqrt(2.) * R[1, 1] * R[1, 2]
    T[1, 4] = np.sqrt(2.) * R[1, 0] * R[1, 2]
    T[1, 5] = np.sqrt(2.) * R[1, 0] * R[1, 1]
    T[2, 0] = R[2, 0] ** 2
    T[2, 1] = R[2, 1] ** 2
    T[2, 2] = R[2, 2] ** 2
    T[2, 3] = np.sqrt(2.) * R[2, 1] * R[2, 2]
    T[2, 4] = np.sqrt(2.) * R[2, 0] * R[2, 2]
    T[2, 5] = np.sqrt(2.) * R[2, 0] * R[2, 1]
    T[3, 0] = np.sqrt(2.) * R[1, 0] * R[2, 0]
    T[3, 1] = np.sqrt(2.) * R[1, 1] * R[2, 1]
    T[3, 2] = np.sqrt(2.) * R[1, 2] * R[2, 2]
    T[3, 3] = R[1, 2] * R[2, 1] + R[1, 1] * R[2, 2]
    T[3, 4] = R[1, 2] * R[2, 0] + R[1, 0] * R[2, 2]
    T[3, 5] = R[1, 1] * R[2, 0] + R[1, 0] * R[2, 1]
    T[4, 0] = np.sqrt(2.) * R[0, 0] * R[2, 0]
    T[4, 1] = np.sqrt(2.) * R[0, 1] * R[2, 1]
    T[4, 2] = np.sqrt(2.) * R[0, 2] * R[2, 2]
    T[4, 3] = R[0, 2] * R[2, 1] + R[0, 1] * R[2, 2]
    T[4, 4] = R[0, 2] * R[2, 0] + R[0, 0] * R[2, 2]
    T[4, 5] = R[0, 1] * R[2, 0] + R[0, 0] * R[2, 1]
    T[5, 0] = np.sqrt(2.) * R[0, 0] * R[1, 0]
    T[5, 1] = np.sqrt(2.) * R[0, 1] * R[1, 1]
    T[5, 2] = np.sqrt(2.) * R[0, 2] * R[1, 2]
    T[5, 3] = R[0, 2] * R[1, 1] + R[0, 1] * R[1, 2]
    T[5, 4] = R[0, 0] * R[1, 2] + R[0, 2] * R[1, 0]
    T[5, 5] = R[0, 1] * R[1, 0] + R[0, 0] * R[1, 1]
    return T


def rotate_tensor(origin_frame_tensor, orientation_matrix):
    # Copyright (C) 2008  Jette Oddershede after Joel Bernier
    # Ported from FitAllB/conversion.py at https://github.com/FABLE-3DXRD/FitAllB/

    """Conversion of symmetric tensor in origin frame to destination frame
    via the use of an orientation matrix U, defined such that V_dest = U @ V_origin

    Copyright (C) 2008 Jette Oddershede September 16 2008 after Joel Bernier

    :param origin_frame_tensor: 3x3 symmetric tensor in origin system
    :param orientation_matrix: 3x3 unitary orientation matrix
    :return: 3x3 symmetric tensor in destination system
    """

    origin_frame_tensor_MV = symmToMVvec(origin_frame_tensor)
    orientation_matrix_MV = MVCOBMatrix(orientation_matrix)
    destination_frame_tensor_MV = np.dot(orientation_matrix_MV, origin_frame_tensor_MV)
    destination_frame_tensor = MVvecToSymm(destination_frame_tensor_MV)
    return destination_frame_tensor


def rotate_tensor_to_lab_frame(grain: npt.NDArray[np.float64], U: npt.NDArray[np.float64]) -> npt.NDArray[np.float64]:
    # Copyright (C) 2008  Jette Oddershede after Joel Bernier
    # Ported from FitAllB/conversion.py at https://github.com/FABLE-3DXRD/FitAllB/

    """Conversion of symmetric tensor in cartesian grain system to sample system
    via the use of the grain orientation matrix U

    Copyright (C) 2008 Jette Oddershede September 16 2008 after Joel Bernier

    :param grain: 3x3 symmetric tensor in grain system
    :param U: 3x3 unitary orientation matrix
    :return: 3x3 symmetric tensor in sample system
    """

    return rotate_tensor(grain, U)


def symmToMVvec(A: npt.NDArray[np.float64]) -> npt.NDArray[np.float64]:
    # Copyright (C) 2008  Jette Oddershede after Joel Bernier
    # Ported from FitAllB/conversion.py at https://github.com/FABLE-3DXRD/FitAllB/

    """Convert from symmetric matrix to Mandel-Voigt vector
    representation (JVB)

    Copyright (C) 2008 Jette Oddershede, September 16 2008 after Joel Bernier

    :param A: 3x3 symmetric matrix
    :raises TypeError: If `A` isn't a Numpy array
    :raises ValueError: If `A` isn't an array of shape (3,3)
    :raises TypeError: If `A` isn't an array of float64 elements
    :raises ValueError: If `A` isn't symmetric
    :return: 1x6 Mandel-Voigt vector
    """

    if not isinstance(A, np.ndarray):
        raise TypeError("A should be a numpy array!")
    if not np.shape(A) == (3, 3):
        raise ValueError("A should be an array of length (3,3)")
    if not A.dtype == np.dtype("float64"):
        raise TypeError("A should be an array of floats!")
    if not np.allclose(A, A.T):
        raise ValueError("A should be a symmetric matrix!")

    mvvec = np.zeros(6, dtype='float64')
    mvvec[0] = A[0, 0]
    mvvec[1] = A[1, 1]
    mvvec[2] = A[2, 2]
    mvvec[3] = np.sqrt(2.) * A[1, 2]
    mvvec[4] = np.sqrt(2.) * A[0, 2]
    mvvec[5] = np.sqrt(2.) * A[0, 1]
    return mvvec


def MVvecToSymm(A: npt.NDArray[np.float64]) -> npt.NDArray[np.float64]:
    # Copyright (C) 2008  Jette Oddershede after Joel Bernier
    # Ported from FitAllB/conversion.py at https://github.com/FABLE-3DXRD/FitAllB/

    """Convert from Mandel-Voigt vector to symmetric matrix
    representation (JVB)

    Copyright (C) 2008 Jette Oddershede, September 16 2008 after Joel Bernier

    :param A: 1x6 Mandel-Voigt vector
    :raises TypeError: If `A` isn't a Numpy array
    :raises ValueError: If `A` isn't an array of shape (6,)
    :raises TypeError: If `A` isn't an array of float64 elements
    :return: 3x3 symmetrix matrix
    """

    if not isinstance(A, np.ndarray):
        raise TypeError("A should be a numpy array!")
    if not np.shape(A) == (6,):
        raise ValueError("A should be an array of length (6,)")
    if not A.dtype == np.dtype("float64"):
        raise TypeError("A should be an array of floats!")

    symm = np.zeros((3, 3), dtype='float64')
    symm[0, 0] = A[0]
    symm[1, 1] = A[1]
    symm[2, 2] = A[2]
    symm[1, 2] = A[3] * (1. / np.sqrt(2.))
    symm[0, 2] = A[4] * (1. / np.sqrt(2.))
    symm[0, 1] = A[5] * (1. / np.sqrt(2.))
    symm[2, 1] = A[3] * (1. / np.sqrt(2.))
    symm[2, 0] = A[4] * (1. / np.sqrt(2.))
    symm[1, 0] = A[5] * (1. / np.sqrt(2.))
    return symm


def strain2stress(epsilon: npt.NDArray[np.float64], C: npt.NDArray[np.float64]) -> npt.NDArray[np.float64]:
    # Copyright (C) 2008  Jette Oddershede
    # Ported from FitAllB/conversion.py at https://github.com/FABLE-3DXRD/FitAllB/

    """Conversion from strain to stress tensor using the 6x6 stiffness tensor C
    which can be formed by :func:`~.formStiffnessMV`

    Copyright (C) 2008 Jette Oddershede, September 16 2008

    :param epsilon: 3x3 symmetric strain tensor
    :param C: 6x6 stiffness tensor
    :return: 3x3 symmetric stress tensor
    """

    if not isinstance(epsilon, np.ndarray):
        raise TypeError("epsilon should be a numpy array!")
    if not np.shape(epsilon) == (3, 3):
        raise ValueError("epsilon should be an array of length (3,3)")
    if not epsilon.dtype == np.dtype("float64"):
        raise TypeError("epsilon should be an array of floats!")
    if not np.allclose(epsilon, epsilon.T):
        raise ValueError("epsilon should be a symmetric matrix!")

    if not isinstance(C, np.ndarray):
        raise TypeError("C should be a numpy array!")
    if not np.shape(C) == (6, 6):
        raise ValueError("C should be an array of length (6, 6)")
    if not C.dtype == np.dtype("float64"):
        raise TypeError("C should be an array of floats!")
    if not np.allclose(C, C.T):
        raise ValueError("C should be a symmetric matrix!")

    epsilonMV = symmToMVvec(epsilon)
    sigmaMV = np.dot(C, epsilonMV)
    sigma = MVvecToSymm(sigmaMV)
    return sigma


def eps_error_to_sig_error(eps_error: npt.NDArray[np.float64], stiffnessMV: npt.NDArray[np.float64]) -> npt.NDArray[
    np.float64]:
    """The grain stress error (in Pa) as a symmetric tensor in the grain reference system, one standard deviation.
    Propagated through :attr:`~py3DXRDProc.grain.BaseMapGrain.eps` -> :attr:`~py3DXRDProc.grain.BaseMapGrain.sig` conversion

    :param eps_error: 3x3 symmetric strain error tensor (:attr:`py3DXRDProc.grain.BaseMapGrain.eps_error`)
    :param stiffnessMV: 6x6 stiffness tensor (:attr:`py3DXRDProc.grain.BaseMapGrain.phase.stiffnessMV`)
    :raises TypeError: If `eps_error` or `stiffnessMV` isn't a Numpy array of floats
    :raises ValueError: If `eps_error` isn't a (3, 3) array
    :raises ValueError: If `stiffnessMV` isn't a (6, 6) array
    :return: The error in :attr:`py3DXRDProc.grain.BaseMapGrain.sig`
    """

    # These were determined by using sympy to follow the eps tensor symbollicaly through its conversion to strain as per Jette's functions:

    # sig[0, 0] = C[0, 0]*eps[0, 0] + C[0, 1]*eps[1, 1] + C[0, 2]*eps[2, 2] + sqrt(2)*C[0, 3]*eps[1, 2] + sqrt(2)*C[0, 4]*eps[0, 2] + sqrt(2)*C[0, 5]*eps[0, 1]

    # sig[0, 1] = (1/sqrt(2))*C[5, 0]*eps[0, 0] + (1/sqrt(2))*C[5, 1]*eps[1, 1] + (1/sqrt(2))*C[5, 2]*eps[2, 2] + C[5, 3]*eps[1, 2] + C[5, 4]*eps[0, 2] + C[5, 5]*eps[0, 1]

    # sig[0, 2] = (1/sqrt(2))*C[4, 0]*eps[0, 0] + (1/sqrt(2))*C[4, 1]*eps[1, 1] + (1/sqrt(2))*C[4, 2]*eps[2, 2] + C[4, 3]*eps[1, 2] + C[4, 4]*eps[0, 2] + C[4, 5]*eps[0, 1]

    # sig[1, 1] = C[1, 0]*eps[0, 0] + C[1, 1]*eps[1, 1] + C[1, 2]*eps[2, 2] + sqrt(2)*C[1, 3]*eps[1, 2] + sqrt(2)*C[1, 4]*eps[0, 2] + sqrt(2)*C[1, 5]*eps[0, 1]

    # sig[1, 2] = (1/sqrt(2))*C[3, 0]*eps[0, 0] + (1/sqrt(2))*C[3, 1]*eps[1, 1] + (1/sqrt(2))*C[3, 2]*eps[2, 2] + C[3, 3]*eps[1, 2] + C[3, 4]*eps[0, 2] + C[3, 5]*eps[0, 1]

    # sig[2, 2] = C[2, 0]*eps[0, 0] + C[2, 1]*eps[1, 1] + C[2, 2]*eps[2, 2] + sqrt(2)*C[2, 3]*eps[1, 2] + sqrt(2)*C[2, 4]*eps[0, 2] + sqrt(2)*C[2, 5]*eps[0, 1]

    if not isinstance(eps_error, np.ndarray):
        raise TypeError("eps_error must be a Numpy array!")
    if not np.shape(eps_error) == (3, 3):
        raise ValueError("eps_error attribute should be an array of shape (3,3)")
    if not eps_error.dtype == np.dtype("float64"):
        raise TypeError("eps_error should be an array of floats!")
    if not np.allclose(eps_error, eps_error.T):
        raise ValueError("eps_error should be a symmetric matrix!")

    if not isinstance(stiffnessMV, np.ndarray):
        raise TypeError("stiffnessMV must be a Numpy array!")
    if not np.shape(stiffnessMV) == (6, 6):
        raise ValueError("stiffnessMV attribute should be an array of shape (6,6)")
    if not stiffnessMV.dtype == np.dtype("float64"):
        raise TypeError("stiffnessMV should be an array of floats!")
    if not np.allclose(stiffnessMV, stiffnessMV.T):
        raise ValueError("stiffnessMV should be a symmetric matrix!")

    C = stiffnessMV

    deps00 = eps_error[0, 0]
    deps01 = eps_error[0, 1]
    deps02 = eps_error[0, 2]
    deps10 = eps_error[1, 0]
    deps11 = eps_error[1, 1]
    deps12 = eps_error[1, 2]
    deps20 = eps_error[2, 0]
    deps21 = eps_error[2, 1]
    deps22 = eps_error[2, 2]

    sig_error = np.zeros((3, 3), dtype='float64')

    sig_error[0, 0] = np.sqrt(
        np.power(C[0, 0] * deps00, 2) +
        np.power(C[0, 1] * deps11, 2) +
        np.power(C[0, 2] * deps22, 2) +
        2 * np.power(C[0, 3] * deps12, 2) +
        2 * np.power(C[0, 4] * deps02, 2) +
        2 * np.power(C[0, 5] * deps01, 2)
    )

    sig_error[0, 1] = np.sqrt(
        (1 / 2.) * np.power(C[5, 0] * deps00, 2) +
        (1 / 2.) * np.power(C[5, 1] * deps11, 2) +
        (1 / 2.) * np.power(C[5, 2] * deps22, 2) +
        np.power(C[5, 3] * deps12, 2) +
        np.power(C[5, 4] * deps02, 2) +
        np.power(C[5, 5] * deps01, 2)
    )

    sig_error[0, 2] = np.sqrt(
        (1 / 2.) * np.power(C[4, 0] * deps00, 2) +
        (1 / 2.) * np.power(C[4, 1] * deps11, 2) +
        (1 / 2.) * np.power(C[4, 2] * deps22, 2) +
        np.power(C[4, 3] * deps12, 2) +
        np.power(C[4, 4] * deps02, 2) +
        np.power(C[4, 5] * deps01, 2)
    )

    sig_error[1, 0] = sig_error[0, 1]

    sig_error[1, 1] = np.sqrt(
        np.power(C[1, 0] * deps00, 2) +
        np.power(C[1, 1] * deps11, 2) +
        np.power(C[1, 2] * deps22, 2) +
        2 * np.power(C[1, 3] * deps12, 2) +
        2 * np.power(C[1, 4] * deps02, 2) +
        2 * np.power(C[1, 5] * deps01, 2)
    )

    sig_error[1, 2] = np.sqrt(
        (1 / 2.) * np.power(C[3, 0] * deps00, 2) +
        (1 / 2.) * np.power(C[3, 1] * deps11, 2) +
        (1 / 2.) * np.power(C[3, 2] * deps22, 2) +
        np.power(C[3, 3] * deps12, 2) +
        np.power(C[3, 4] * deps02, 2) +
        np.power(C[3, 5] * deps01, 2)
    )

    sig_error[2, 0] = sig_error[0, 2]

    sig_error[2, 1] = sig_error[1, 2]

    sig_error[2, 2] = np.sqrt(
        np.power(C[2, 0] * deps00, 2) +
        np.power(C[2, 1] * deps11, 2) +
        np.power(C[2, 2] * deps22, 2) +
        2 * np.power(C[2, 3] * deps12, 2) +
        2 * np.power(C[2, 4] * deps02, 2) +
        2 * np.power(C[2, 5] * deps01, 2)
    )

    return sig_error


def sig_error_to_sig_lab_error(U: npt.NDArray[np.float64],
                               U_error: npt.NDArray[np.float64],
                               sig: npt.NDArray[np.float64],
                               sig_error: npt.NDArray[np.float64]) -> npt.NDArray[np.float64]:
    """The stress strain error (in Pa) as a symmetric tensor in the :attr:`~py3DXRDProc.grain.BaseMapGrain.sample` reference system, one standard deviation.
    Propagated through :attr:`~py3DXRDProc.grain.BaseMapGrain.sig` -> :attr:`~py3DXRDProc.grain.BaseMapGrain.sig_lab` tensor rotation

    :param U: The grain orientation matrix (:attr:`py3DXRDProc.grain.BaseGrain.U`)
    :param U_error: The error in grain orientation matrix (:attr:`py3DXRDProc.grain.BaseMapGrain.U_error`)
    :param sig: The grain symmetric stress tensor in Pa (:attr:`py3DXRDProc.grain.BaseMapGrain.sig`)
    :param sig_error: The error in grain symmetric stress tensor in Pa (:attr:`py3DXRDProc.grain.BaseMapGrain.sig_error`)
    :raises TypeError: If `U`, `U_error`, `sig`, or `sig_error` aren't Numpy arrays of floats
    :raises ValueError: If `U`, `U_error`, `sig`, or `sig_error` aren't (3, 3) arrays
    :return: The error in :attr:`py3DXRDProc.grain.BaseMapGrain.sig_lab`
    """

    # These were determined by using sympy to follow the sig tensor symbollicaly through its rotation as per Jette's functions:

    # sig_lab[0, 0] = U[0, 0]**2*sig[0, 0] + 2.0*U[0, 0]*U[0, 1]*sig[0, 1] + 2.0*U[0, 0]*U[0, 2]*sig[0, 2] + U[0, 1]**2*sig[1, 1] + 2.0*U[0, 1]*U[0, 2]*sig[1, 2] + U[0, 2]**2*sig[2, 2]

    # sig_lab[0, 1] =(U[0, 0]*U[1, 1] + U[0, 1]*U[1, 0])*sig[0, 1] +(U[0, 0]*U[1, 2] + U[0, 2]*U[1, 0])*sig[0, 2] + (U[0, 1]*U[1, 2] + U[0, 2]*U[1, 1])*sig[1, 2] + U[0, 0]*U[1, 0]*sig[0, 0] + U[0, 1]*U[1, 1]*sig[1, 1] + U[0, 2]*U[1, 2]*sig[2, 2]

    # sig_lab[0, 2] =(U[0, 0]*U[2, 1] + U[0, 1]*U[2, 0])*sig[0, 1] +(U[0, 0]*U[2, 2] + U[0, 2]*U[2, 0])*sig[0, 2] + (U[0, 1]*U[2, 2] + U[0, 2]*U[2, 1])*sig[1, 2] + U[0, 0]*U[2, 0]*sig[0, 0] + U[0, 1]*U[2, 1]*sig[1, 1] + U[0, 2]*U[2, 2]*sig[2, 2]

    # sig_lab[1, 1] = U[1, 0]**2*sig[0, 0] + 2.0*U[1, 0]*U[1, 1]*sig[0, 1] + 2.0*U[1, 0]*U[1, 2]*sig[0, 2] + U[1, 1]**2*sig[1, 1] + 2.0*U[1, 1]*U[1, 2]*sig[1, 2] + U[1, 2]**2*sig[2, 2]

    # sig_lab[1, 2] =(U[1, 0]*U[2, 1] + U[1, 1]*U[2, 0])*sig[0, 1] +(U[1, 0]*U[2, 2] + U[1, 2]*U[2, 0])*sig[0, 2] + (U[1, 1]*U[2, 2] + U[1, 2]*U[2, 1])*sig[1, 2] + U[1, 0]*U[2, 0]*sig[0, 0] + U[1, 1]*U[2, 1]*sig[1, 1] + U[1, 2]*U[2, 2]*sig[2, 2]

    # sig_lab[2, 2] = U[2, 0]**2*sig[0, 0] + 2.0*U[2, 0]*U[2, 1]*sig[0, 1] + 2.0*U[2, 0]*U[2, 2]*sig[0, 2] + U[2, 1]**2*sig[1, 1] + 2.0*U[2, 1]*U[2, 2]*sig[1, 2] + U[2, 2]**2*sig[2, 2]

    if not isinstance(U, np.ndarray):
        raise TypeError("U must be a Numpy array!")
    if not np.shape(U) == (3, 3):
        raise ValueError("U attribute should be an array of shape (3,3)")
    if not U.dtype == np.dtype("float64"):
        raise TypeError("U should be an array of floats!")

    if not isinstance(U_error, np.ndarray):
        raise TypeError("U_error must be a Numpy array!")
    if not np.shape(U_error) == (3, 3):
        raise ValueError("U_error attribute should be an array of shape (3,3)")
    if not U_error.dtype == np.dtype("float64"):
        raise TypeError("U_error should be an array of floats!")

    if not isinstance(sig, np.ndarray):
        raise TypeError("sig must be a Numpy array!")
    if not np.shape(sig) == (3, 3):
        raise ValueError("sig attribute should be an array of shape (3,3)")
    if not sig.dtype == np.dtype("float64"):
        raise TypeError("sig should be an array of floats!")
    if not np.allclose(sig, sig.T):
        raise ValueError("sig should be a symmetric matrix!")

    if not isinstance(sig_error, np.ndarray):
        raise TypeError("sig_error must be a Numpy array!")
    if not np.shape(sig_error) == (3, 3):
        raise ValueError("sig_error attribute should be an array of shape (3,3)")
    if not sig_error.dtype == np.dtype("float64"):
        raise TypeError("sig_error should be an array of floats!")
    if not np.allclose(sig_error, sig_error.T):
        raise ValueError("sig_error should be a symmetric matrix!")

    sig_lab_error = np.zeros((3, 3), dtype='float64')

    U00 = U[0, 0]
    U01 = U[0, 1]
    U02 = U[0, 2]
    U10 = U[1, 0]
    U11 = U[1, 1]
    U12 = U[1, 2]
    U20 = U[2, 0]
    U21 = U[2, 1]
    U22 = U[2, 2]

    dU00 = U_error[0, 0]
    dU01 = U_error[0, 1]
    dU02 = U_error[0, 2]
    dU10 = U_error[1, 0]
    dU11 = U_error[1, 1]
    dU12 = U_error[1, 2]
    dU20 = U_error[2, 0]
    dU21 = U_error[2, 1]
    dU22 = U_error[2, 2]

    # Fractional errors:

    fU00 = dU00 / U00
    fU01 = dU01 / U01
    fU02 = dU02 / U02
    fU10 = dU10 / U10
    fU11 = dU11 / U11
    fU12 = dU12 / U12
    fU20 = dU20 / U20
    fU21 = dU21 / U21
    fU22 = dU22 / U22

    sig00 = sig[0, 0]
    sig01 = sig[0, 1]
    sig02 = sig[0, 2]
    sig10 = sig[1, 0]
    sig11 = sig[1, 1]
    sig12 = sig[1, 2]
    sig20 = sig[2, 0]
    sig21 = sig[2, 1]
    sig22 = sig[2, 2]

    dsig00 = sig_error[0, 0]
    dsig01 = sig_error[0, 1]
    dsig02 = sig_error[0, 2]
    dsig10 = sig_error[1, 0]
    dsig11 = sig_error[1, 1]
    dsig12 = sig_error[1, 2]
    dsig20 = sig_error[2, 0]
    dsig21 = sig_error[2, 1]
    dsig22 = sig_error[2, 2]

    fsig00 = dsig00 / sig00
    fsig01 = dsig01 / sig01
    fsig02 = dsig02 / sig02
    fsig10 = dsig10 / sig10
    fsig11 = dsig11 / sig11
    fsig12 = dsig12 / sig12
    fsig20 = dsig20 / sig20
    fsig21 = dsig21 / sig21
    fsig22 = dsig22 / sig22

    sig_lab_error[0, 0] = np.sqrt(
        ((((U00 ** 2) * sig00) ** 2) * ((2 * fU00) ** 2 + fsig00 ** 2)) +
        ((((U01 ** 2) * sig11) ** 2) * ((2 * fU01) ** 2 + fsig11 ** 2)) +
        ((((U02 ** 2) * sig22) ** 2) * ((2 * fU02) ** 2 + fsig22 ** 2)) +
        (4 * (((U00 * U01 * sig01) ** 2) * (fU00 ** 2 + fU01 ** 2 + fsig01 ** 2))) +
        (4 * (((U00 * U02 * sig02) ** 2) * (fU00 ** 2 + fU02 ** 2 + fsig02 ** 2))) +
        (4 * (((U01 * U02 * sig12) ** 2) * (fU01 ** 2 + fU02 ** 2 + fsig12 ** 2)))
    )

    sig_lab_error[1, 1] = np.sqrt(
        ((((U10 ** 2) * sig00) ** 2) * ((2 * fU10) ** 2 + fsig00 ** 2)) +
        ((((U11 ** 2) * sig11) ** 2) * ((2 * fU11) ** 2 + fsig11 ** 2)) +
        ((((U12 ** 2) * sig22) ** 2) * ((2 * fU12) ** 2 + fsig22 ** 2)) +
        (4 * (((U10 * U11 * sig01) ** 2) * (fU10 ** 2 + fU11 ** 2 + fsig01 ** 2))) +
        (4 * (((U10 * U12 * sig02) ** 2) * (fU10 ** 2 + fU12 ** 2 + fsig02 ** 2))) +
        (4 * (((U11 * U12 * sig12) ** 2) * (fU11 ** 2 + fU12 ** 2 + fsig12 ** 2)))
    )

    sig_lab_error[2, 2] = np.sqrt(
        ((((U20 ** 2) * sig00) ** 2) * ((2 * fU20) ** 2 + fsig00 ** 2)) +
        ((((U21 ** 2) * sig11) ** 2) * ((2 * fU21) ** 2 + fsig11 ** 2)) +
        ((((U22 ** 2) * sig22) ** 2) * ((2 * fU22) ** 2 + fsig22 ** 2)) +
        (4 * (((U20 * U21 * sig01) ** 2) * (fU20 ** 2 + fU21 ** 2 + fsig01 ** 2))) +
        (4 * (((U20 * U22 * sig02) ** 2) * (fU20 ** 2 + fU22 ** 2 + fsig02 ** 2))) +
        (4 * (((U21 * U22 * sig12) ** 2) * (fU21 ** 2 + fU22 ** 2 + fsig12 ** 2)))
    )

    sig_lab_error[0, 1] = np.sqrt(
        ((sig01 ** 2) * ((U00 * U11 + U01 * U10) ** 2) * ((((((U00 * U11) ** 2) * (fU00 ** 2 + fU11 ** 2)) + (
                ((U01 * U10) ** 2) * (fU01 ** 2 + fU10 ** 2))) / ((
                                                                          U00 * U11 + U01 * U10) ** 2)) + fsig01 ** 2)) +
        ((sig02 ** 2) * ((U00 * U12 + U02 * U10) ** 2) * ((((((U00 * U12) ** 2) * (fU00 ** 2 + fU12 ** 2)) + (
                ((U02 * U10) ** 2) * (fU02 ** 2 + fU10 ** 2))) / ((
                                                                          U00 * U12 + U02 * U10) ** 2)) + fsig02 ** 2)) +
        ((sig12 ** 2) * ((U01 * U12 + U02 * U11) ** 2) * ((((((U01 * U12) ** 2) * (fU01 ** 2 + fU12 ** 2)) + (
